15000 200
7750 37
137 69
510 41
20808 35
317 22
374 66
23244 75
445 62
201 43
10070 63
464 73
394 85
21546 40
330 99
192 76
10560 35
252 77
425 89
9072 83
330 65
353 20
7752 86
295 66
156 76
26564 55
259 27
519 55
22951 74
180 21
90 55
26280 79
250 85
91 45
27145 37
533 69
558 56
22258 73
264 68
592 71
4347 37
4120 404
968 481
772 328
21777 392
402 218
897 401
11418 491
777 317
1005 467
14697 276
916 233
984 355
23496 146
757 270
635 280
11300 157
780 450
1047 211
28730 370
1142 425
588 487
14499 159
890 296
1276 350
21700 373
751 314
794 345
17313 167
855 372
615 174
35010 297
1035 304
1323 185
15934 189
985 213
441 144
29280 283
1217 119
848 444
34848 446
690 134
571 341
29478 176
1442 285
661 133
32095 316
1008 326
489 326
24336 393
1561 355
503 352
15318 172
1675 142
1003 324
43434 200
655 246
1318 488
30849 139
828 390
492 222
38400 329
1996 168
1853 187
70233 450
1104 279
1171 367
19026 485
2021 106
989 320
57491 399
721 397
902 269
88088 317
1516 470
670 136
25290 130
1692 168
805 455
87814 106
1019 341
16155 932
1478 532
1537 718
15456 511
1081 649
1317 999
15453 810
1182 574
997 662
29610 958
1873 746
1544 502
24833 908
1312 970
1896 587
28160 966
1146 920
1432 862
34923 555
1106 894
2081 995
41074 550
1403 683
1711 774
51083 913
1233 641
1723 664
30456 750
1725 950
1502 584
43750 997
2480 698
1651 581
66924 865
2421 959
1809 896
70983 783
2363 809
2514 600
77224 673
2247 593
2308 576
82418 779
2907 596
1716 613
89010 840
2070 761
2938 964
86180 882
2998 679
2441 790
56608 552
2422 831
2280 991
103653 664
1897 620
3100 826
108766 662
3300 715
1956 989
4220 2383
850 2232
1476 2281
4344 1406
1464 2463
1452 1436
11270 1843
1954 2361
1099 1162
14048 1748
1197 1955
1748 1860
11673 2189
1641 1336
1830 1043
17590 1979
1529 2119
1302 1831
15807 1502
1989 2090